    1.0000  109.3827    8.0000
    2.0000  187.5385    8.0000
    3.0000  267.5319    8.0000
    4.0000  331.8753    8.0000
    5.0000  386.0535    8.0000
    6.0000  428.4271    8.0000
    7.0000  452.1644    8.0000
    8.0000  498.1461    8.0000
    9.0000  512.3499    8.0000
   10.0000  512.9753    8.0000
   11.0000  513.6395    8.0000
   12.0000  491.0753    8.0000
   13.0000  482.9027    8.0000
   14.0000  451.9014    8.0000
   15.0000  398.3282    8.0000
   16.0000  365.1273    8.0000
   17.0000  303.4133    8.0000
   18.0000  222.0989    8.0000
   19.0000  143.7183    8.0000
   20.0000   51.3971    8.0000
